42 0.22578125 0.15234375 0.140625 0.17265625
42 0.34921875 0.16640625 0.11015625 0.19375
42 0.4609375 0.165625 0.08515625 0.22265625
42 0.5640625 0.184375 0.11484375 0.20546875
42 0.68125 0.171875 0.08828125 0.2046875
42 0.78984375 0.17578125 0.096875 0.20390625
42 0.22890625 0.3625 0.10390625 0.20703125
42 0.33828125 0.37421875 0.090625 0.196875
42 0.45546875 0.38203125 0.096875 0.18671875
42 0.5640625 0.3859375 0.09609375 0.19453125
42 0.6765625 0.37421875 0.10078125 0.175
42 0.78984375 0.390625 0.103125 0.178125
42 0.35 0.609375 0.10234375 0.178125
42 0.2375 0.6125 0.103125 0.1890625
42 0.45390625 0.625 0.0953125 0.22578125
42 0.5671875 0.615625 0.10625 0.20546875
42 0.684375 0.6015625 0.1265625 0.178125
42 0.7953125 0.6109375 0.08671875 0.1859375
42 0.234375 0.81953125 0.090625 0.17734375
42 0.33984375 0.81171875 0.10859375 0.19296875
42 0.4515625 0.828125 0.08046875 0.1671875
42 0.56640625 0.803125 0.10234375 0.1828125
42 0.6796875 0.8046875 0.08515625 0.18984375
42 0.79609375 0.821875 0.10078125 0.19765625
