94 0.36171875 0.4546875 0.2296875 0.2484375
94 0.6203125 0.8234375 0.3390625 0.3234375
94 0.6140625 0.4859375 0.184375 0.1546875
94 0.634375 0.19140625 0.16875 0.13125
94 0.18828125 0.45546875 0.1515625 0.1984375
94 0.11796875 0.6875 0.171875 0.2640625
94 0.30234375 0.8015625 0.184375 0.2625
94 0.909375 0.38515625 0.1484375 0.1828125
94 0.76171875 0.665625 0.203125 0.2625
94 0.7375 0.40234375 0.203125 0.1453125
94 0.5484375 0.31953125 0.159375 0.178125
94 0.20703125 0.26328125 0.2078125 0.1578125
