5 0.1328125 0.50703125 0.171875 0.16171875
5 0.20234375 0.59765625 0.13828125 0.1140625
105 0.225 0.7140625 0.0625 0.12421875
105 0.278125 0.68125 0.08359375 0.06640625
20 0.521875 0.41953125 0.15078125 0.2515625
20 0.52578125 0.65 0.1484375 0.184375
8 0.13671875 0.6484375 0.22109375 0.41328125
8 0.040625 0.6625 0.0671875 0.45234375
72 0.4484375 0.26015625 0.1 0.16171875
17 0.64453125 0.5984375 0.140625 0.31953125
17 0.72734375 0.57109375 0.14140625 0.3890625
102 0.95078125 0.78828125 0.07734375 0.11796875
102 0.95625 0.68515625 0.0875 0.18203125
